10 6
2 4
31
0 0 2 1 小夕  
2 0 3 1 莫陌末  
3 0 4 1 冷月禅语  
4 0 6 2 旧言虐心  
0 1 1 2 风铭  
1 1 2 2 模糊的绿洲  
2 1 4 3 代号美洲豹  
0 2 1 3 精彩人生 
1 2 2 3 东方美食家  
4 2 5 3 黑暗之光  
5 2 6 3 轨迹  
0 3 3 6 假行僧2014  
3 3 4 4 单身青年小黑  
4 3 6 5 昨天  
3 4 4 5 光辉岁月  
3 5 5 6 请输入4个字符  
5 5 6 6 轨迹  
0 6 1 7 非烟  
1 6 2 7 流光・糜苏  
2 6 4 8 行走的猫头鹰  
4 6 5 7 流光・糜苏  
5 6 6 7 毛毛雨  
0 7 2 8 帅民  
4 7 5 9 模糊的绿洲  
5 7 6 8 夏吉坊  
0 8 1 9 毛毛雨  
1 8 4 10 老土豆  
5 8 6 9 沫殇吟  
0 9 1 10 流氓达人  
4 9 5 10 流光・糜苏  
5 9 6 10 叮嘀啷咯儿咚  