10 6
2 4
42
0 0 3 2   
3 0 4 1   
4 0 6 1   
3 1 4 2   
4 1 5 2   
5 1 6 2   
0 2 1 3   
1 2 2 3  
2 2 3 5   
3 2 4 3   
4 2 6 3   
0 3 1 4   
1 3 2 4   
3 3 4 4   
4 3 5 4   
5 3 6 4  
0 4 2 5   
3 4 4 5   
4 4 6 5   
0 5 1 6   
1 5 3 6   
3 5 4 6   
4 5 5 6   
5 5 6 6   
0 6 1 7   
1 6 2 7   
2 6 4 8   
4 6 5 7   
5 6 6 7   
0 7 1 8   
1 7 2 8   
4 7 5 8  
5 7 6 8 
0 8 3 9  
3 8 4 9 
4 8 5 9 
5 8 6 9 
0 9 1 10 
1 9 2 10 
2 9 3 10 
3 9 4 10 
4 9 6 10 