10 6
2 4
44
0 0 1 1   
1 0 2 1   
2 0 3 1   
3 0 5 2   
5 0 6 1   
0 1 1 2   
1 1 3 2   
5 1 6 2  
0 2 1 3 追梦赤子  
1 2 4 5   
4 2 5 3   
5 2 6 3 ん相聚一刻づ  
0 3 1 4   
4 3 5 4   
5 3 6 4   
0 4 1 5  
4 4 5 5 风入松 
5 4 6 5   
0 5 1 6   
1 5 2 6 背后 
2 5 3 6   
3 5 4 6   
4 5 6 6   
0 6 1 7   
1 6 2 7   
2 6 3 7   
3 6 4 7 
4 6 5 7 怒怒怒怒丶粉 
5 6 6 7   
0 7 1 8 jimmy  
1 7 3 9   
3 7 4 8  
4 7 5 8 optichu
5 7 6 8 calvin
0 8 1 9 东坡 
3 8 4 9 
4 8 5 9 
5 8 6 9 
0 9 1 10 
1 9 2 10 佐佐四度
2 9 3 10 
3 9 4 10 叶政
4 9 5 10 
5 9 6 10 
4 9 6 10 