10 6
2 4
38
0 0 2 2 x1lee  
2 0 3 1 我是无极  
3 0 4 2 阿雨  
4 0 5 1 乔凡诺尼  
5 0 6 2 Ericphoto  
2 1 3 2   
4 1 5 2 鹤红
0 2 1 3 Crystalove 
1 2 2 3 毛毛雨  
2 2 3 3 零加 
3 2 5 4 陈小虫  
5 2 6 3 u813381247322  
0 3 2 5 jojozoo  
2 3 3 4 x1lee 
5 3 6 4 可爱de莲乡  
2 4 3 6 嚼tel  
3 4 4 5 姜勇  
4 4 5 5 daisy 
5 4 6 6 zhumulangma  
0 5 1 6 零加 
1 5 2 6 蹦恰恰
3 5 4 6 流光・糜苏  
4 5 5 6 anlie  
0 6 1 7 瑞祥  
1 6 2 7 萧筱小小宵  
2 6 3 7 mx7al
3 6 4 7 河
4 6 5 7 kyle
5 6 6 7 小塔微舞
0 7 3 9 nb_44d78d45f348
3 7 4 8 云龙山人 
4 7 6 9 z^
3 8 4 9 winlin
0 9 1 10 lovingegg
1 9 2 10 f3007007
2 9 3 10 f3007007
3 9 5 10 艾特
5 9 6 10 小塔微舞